
testnum, # of TTToSemiLep Events, # of Tprime 1.0 Events, # of Tprime 1.0 Events, #of WJets events, # of TTToSemiLep testing events, # of Tprime1.0 testing events, # of Tprime 1.8 testing events, # of WJets Testing Events, Training ttbar, Training Tprime 1.0, Training Tprime 1.8, Training WJets, Testing ttbar, Testing Tprime 1.0, Testing Tprime1.8, Testing WJets, Testing Score (Accuracy), Precision, Recall, F-Score
1, 42989, 66279, 107192, 62888, 17000, 17000, 17000, 47060, 42989, 60000, 60000, 60000, 17000, 17000, 17000, 47060, 0.840352825068, 0.839861384543, 0.840352825068, 0.837812319827

7, 42989, 66279, 107192, 62888, 17000, 17000, 17000, 47060, 42989, 60000, 60000, 60000, 17000, 17000, 17000, 47060, 0.835245497163, 0.837396638603, 0.835245497163, 0.833882850208

3, 42989, 66279, 107192, 62888, 17000, 17000, 17000, 47060, 42989, 60000, 60000, 60000, 17000, 17000, 17000, 47060, 0.840402171231, 0.84057901815, 0.840402171231, 0.838525360011

6, 42989, 66279, 107192, 62888, 17000, 17000, 17000, 47060, 42989, 60000, 60000, 60000, 17000, 17000, 17000, 47060, 0.838058228473, 0.835650558985, 0.838058228473, 0.834159041088

4, 42989, 66279, 107192, 62888, 17000, 17000, 17000, 47060, 42989, 60000, 60000, 60000, 17000, 17000, 17000, 47060, 0.837836170738, 0.837810483681, 0.837836170738, 0.83590506767

5, 42989, 66279, 107192, 62888, 17000, 17000, 17000, 47060, 42989, 60000, 60000, 60000, 17000, 17000, 17000, 47060, 0.837527757217, 0.83577805643, 0.837527757217, 0.834198390714

2, 42989, 66279, 107192, 62888, 17000, 17000, 17000, 47060, 42989, 60000, 60000, 60000, 17000, 17000, 17000, 47060, 0.838514680484, 0.838776849435, 0.838514680484, 0.836357855432

8, 42989, 66279, 107192, 62888, 17000, 17000, 17000, 47060, 42989, 60000, 60000, 60000, 17000, 17000, 17000, 47060, 0.835738958796, 0.833269335777, 0.835738958796, 0.832073626398

9, 39989, 63279, 104192, 62888, 20000, 20000, 20000, 47060, 39989, 63279, 65000, 62888, 20000, 20000, 20000, 47060, 0.815161957271, 0.811249010904, 0.815161957271, 0.809113266346

12, 39989, 63279, 104192, 62888, 20000, 20000, 20000, 47060, 39989, 63279, 65000, 62888, 20000, 20000, 20000, 47060, 0.817711922812, 0.815742465682, 0.817711922812, 0.813177549638

21, 44989, 68279, 109192, 62888, 15000, 15000, 15000, 47060, 44989, 63000, 63000, 62888, 15000, 15000, 15000, 47060, 0.824448481703, 0.837841578502, 0.824448481703, 0.826844893811

13, 39989, 63279, 104192, 62888, 20000, 20000, 20000, 47060, 39989, 63279, 65000, 62888, 20000, 20000, 20000, 47060, 0.837893406846, 0.832403204538, 0.837893406846, 0.830686052222

17, 44989, 68279, 109192, 62888, 15000, 15000, 15000, 47060, 44989, 63000, 63000, 62888, 15000, 15000, 15000, 47060, 0.836036854399, 0.846588952295, 0.836036854399, 0.838053772825

14, 39989, 63279, 104192, 62888, 20000, 20000, 20000, 47060, 39989, 63279, 65000, 62888, 20000, 20000, 20000, 47060, 0.82940500804, 0.825047871033, 0.82940500804, 0.821704645248

10, 39989, 63279, 104192, 62888, 20000, 20000, 20000, 47060, 39989, 63279, 65000, 62888, 20000, 20000, 20000, 47060, 0.835825867218, 0.831036001212, 0.835825867218, 0.828272529863

20, 44989, 68279, 109192, 62888, 15000, 15000, 15000, 47060, 44989, 63000, 63000, 62888, 15000, 15000, 15000, 47060, 0.818946275629, 0.834882131765, 0.818946275629, 0.822479886484

18, 44989, 68279, 109192, 62888, 15000, 15000, 15000, 47060, 44989, 63000, 63000, 62888, 15000, 15000, 15000, 47060, 0.832935375032, 0.843263339596, 0.832935375032, 0.83507799507

16, 39989, 63279, 104192, 62888, 20000, 20000, 20000, 47060, 39989, 63279, 65000, 62888, 20000, 20000, 20000, 47060, 0.829565816678, 0.824068155016, 0.829565816678, 0.819913262157

19, 44989, 68279, 109192, 62888, 15000, 15000, 15000, 47060, 44989, 63000, 63000, 62888, 15000, 15000, 15000, 47060, 0.831767453932, 0.839561776857, 0.831767453932, 0.832562592564

11, 39989, 63279, 104192, 62888, 20000, 20000, 20000, 47060, 39989, 63279, 65000, 62888, 20000, 20000, 20000, 47060, 0.835779921893, 0.831751915142, 0.835779921893, 0.830545291097

15, 39989, 63279, 104192, 62888, 20000, 20000, 20000, 47060, 39989, 63279, 65000, 62888, 20000, 20000, 20000, 47060, 0.833241442683, 0.828686250168, 0.833241442683, 0.826219008226

22, 42989, 66279, 107192, 62888, 17000, 17000, 17000, 47060, 42989, 60000, 60000, 60000, 17000, 17000, 17000, 47060, 0.831618554157, 0.838054229717, 0.831618554157, 0.831442295048

24, 42989, 66279, 107192, 62888, 17000, 17000, 17000, 47060, 42989, 60000, 60000, 60000, 17000, 17000, 17000, 47060, 0.370022205774, 0.776592157929, 0.370022205774, 0.247283356842

23, 42989, 66279, 107192, 62888, 17000, 17000, 17000, 47060, 42989, 60000, 60000, 60000, 17000, 17000, 17000, 47060, 0.821502590674, 0.828728787717, 0.821502590674, 0.822106667137

25, 42989, 66279, 107192, 62888, 17000, 17000, 17000, 47060, 42989, 60000, 60000, 60000, 17000, 17000, 17000, 47060, 0.82825067851, 0.835349732876, 0.82825067851, 0.828616412583

26, 42989, 66279, 107192, 62888, 17000, 17000, 17000, 47060, 42989, 60000, 60000, 60000, 17000, 17000, 17000, 47060, 0.828139649642, 0.834076214179, 0.828139649642, 0.828450869557

28, 43989, 67279, 108192, 62888, 16000, 16000, 16000, 47060, 43989, 62000, 62000, 62000, 16000, 16000, 16000, 47060, 0.828636478624, 0.838077631992, 0.828636478624, 0.830139764072

27, 43989, 67279, 108192, 62888, 16000, 16000, 16000, 47060, 43989, 62000, 62000, 62000, 16000, 16000, 16000, 47060, 0.81887174298, 0.831220020033, 0.81887174298, 0.8212946232

36, 43989, 67279, 108192, 62888, 16000, 16000, 16000, 47060, 43989, 62000, 62000, 62000, 16000, 16000, 16000, 47060, 0.361295218821, 0.781261719754, 0.361295218821, 0.236515770033

29, 43989, 67279, 108192, 62888, 16000, 16000, 16000, 47060, 43989, 62000, 62000, 62000, 16000, 16000, 16000, 47060, 0.837503162155, 0.840138748298, 0.837503162155, 0.836308989474

35, 43989, 67279, 108192, 62888, 16000, 16000, 16000, 47060, 43989, 62000, 62000, 62000, 16000, 16000, 16000, 47060, 0.3591449532, 0.189749259554, 0.3591449532, 0.238178348149

30, 43989, 67279, 108192, 62888, 16000, 16000, 16000, 47060, 43989, 62000, 62000, 62000, 16000, 16000, 16000, 47060, 0.827068049583, 0.836107961193, 0.827068049583, 0.828749552308

34, 43989, 67279, 108192, 62888, 16000, 16000, 16000, 47060, 43989, 62000, 62000, 62000, 16000, 16000, 16000, 47060, 0.807652415887, 0.824185786204, 0.807652415887, 0.810664126227

32, 43989, 67279, 108192, 62888, 16000, 16000, 16000, 47060, 43989, 62000, 62000, 62000, 16000, 16000, 16000, 47060, 0.827700480648, 0.84328021228, 0.827700480648, 0.831128997531

33, 43989, 67279, 108192, 62888, 16000, 16000, 16000, 47060, 43989, 62000, 62000, 62000, 16000, 16000, 16000, 47060, 0.821970655199, 0.837598621682, 0.821970655199, 0.825321066357

31, 43989, 67279, 108192, 62888, 16000, 16000, 16000, 47060, 43989, 62000, 62000, 62000, 16000, 16000, 16000, 47060, 0.83608651657, 0.844004371399, 0.83608651657, 0.837220224939

40, 43989, 67279, 108192, 62888, 16000, 16000, 16000, 47060, 43989, 62000, 62000, 62000, 16000, 16000, 16000, 47060, 0.831368580825, 0.84339233657, 0.831368580825, 0.833775458429

39, 43989, 67279, 108192, 62888, 16000, 16000, 16000, 47060, 43989, 62000, 62000, 62000, 16000, 16000, 16000, 47060, 0.827966101695, 0.838791559599, 0.827966101695, 0.830024999888

38, 43989, 67279, 108192, 62888, 16000, 16000, 16000, 47060, 43989, 62000, 62000, 62000, 16000, 16000, 16000, 47060, 0.365330129016, 0.784799315219, 0.365330129016, 0.241910904556

37, 43989, 67279, 108192, 62888, 16000, 16000, 16000, 47060, 43989, 62000, 62000, 62000, 16000, 16000, 16000, 47060, 0.351682266633, 0.181219915624, 0.351682266633, 0.230929937744

46, 43989, 67279, 108192, 62888, 16000, 16000, 16000, 47060, 43989, 62000, 62000, 62000, 16000, 16000, 16000, 47060, 0.822830761447, 0.836733292134, 0.822830761447, 0.825955104201

43, 43989, 67279, 108192, 62888, 16000, 16000, 16000, 47060, 43989, 62000, 62000, 62000, 16000, 16000, 16000, 47060, 0.821540602074, 0.83738972068, 0.821540602074, 0.824812257047

42, 43989, 67279, 108192, 62888, 16000, 16000, 16000, 47060, 43989, 62000, 62000, 62000, 16000, 16000, 16000, 47060, 0.825309891222, 0.837288153411, 0.825309891222, 0.827727316009

41, 43989, 67279, 108192, 62888, 16000, 16000, 16000, 47060, 43989, 62000, 62000, 62000, 16000, 16000, 16000, 47060, 0.825765241589, 0.837828212687, 0.825765241589, 0.827846062885

44, 43989, 67279, 108192, 62888, 16000, 16000, 16000, 47060, 43989, 62000, 62000, 62000, 16000, 16000, 16000, 47060, 0.82305843663, 0.838913979267, 0.82305843663, 0.826190738513

45, 43989, 67279, 108192, 62888, 16000, 16000, 16000, 47060, 43989, 62000, 62000, 62000, 16000, 16000, 16000, 47060, 0.821705034151, 0.83428556639, 0.821705034151, 0.823987918067

52, 42989, 66279, 107192, 62888, 17000, 17000, 17000, 47060, 42989, 60000, 60000, 60000, 17000, 17000, 17000, 47060, 0.831569207994, 0.837624693851, 0.831569207994, 0.832215053853

47, 42989, 66279, 107192, 62888, 17000, 17000, 17000, 47060, 42989, 60000, 60000, 60000, 17000, 17000, 17000, 47060, 0.837194670614, 0.83802019876, 0.837194670614, 0.835772331281

54, 42989, 66279, 107192, 62888, 17000, 17000, 17000, 47060, 42989, 60000, 60000, 60000, 17000, 17000, 17000, 47060, 0.842413027387, 0.840519773983, 0.842413027387, 0.839947916159

49, 42989, 66279, 107192, 62888, 17000, 17000, 17000, 47060, 42989, 60000, 60000, 60000, 17000, 17000, 17000, 47060, 0.838366641994, 0.839531370974, 0.838366641994, 0.836800573105

51, 42989, 66279, 107192, 62888, 17000, 17000, 17000, 47060, 42989, 60000, 60000, 60000, 17000, 17000, 17000, 47060, 0.837651122625, 0.839531279382, 0.837651122625, 0.836444443256

48, 42989, 66279, 107192, 62888, 17000, 17000, 17000, 47060, 42989, 60000, 60000, 60000, 17000, 17000, 17000, 47060, 0.834961756723, 0.833638370585, 0.834961756723, 0.831995814076

50, 42989, 66279, 107192, 62888, 17000, 17000, 17000, 47060, 42989, 60000, 60000, 60000, 17000, 17000, 17000, 47060, 0.837897853442, 0.836287712377, 0.837897853442, 0.834327692271

53, 42989, 66279, 107192, 62888, 17000, 17000, 17000, 47060, 42989, 60000, 60000, 60000, 17000, 17000, 17000, 47060, 0.844806316309, 0.842381809655, 0.844806316309, 0.841364459364

58, 42989, 66279, 107192, 62888, 17000, 17000, 17000, 47060, 42989, 60000, 60000, 60000, 17000, 17000, 17000, 47060, 0.838440661239, 0.839229786661, 0.838440661239, 0.83656489205

57, 42989, 66279, 107192, 62888, 17000, 17000, 17000, 47060, 42989, 60000, 60000, 60000, 17000, 17000, 17000, 47060, 0.843264248705, 0.842611454061, 0.843264248705, 0.840523249816

56, 42989, 66279, 107192, 62888, 17000, 17000, 17000, 47060, 42989, 60000, 60000, 60000, 17000, 17000, 17000, 47060, 0.84113002714, 0.843262679764, 0.84113002714, 0.840440240773

55, 42989, 66279, 107192, 62888, 17000, 17000, 17000, 47060, 42989, 60000, 60000, 60000, 17000, 17000, 17000, 47060, 0.843955094991, 0.841733911005, 0.843955094991, 0.840759386133

59, 42989, 66279, 107192, 62888, 17000, 17000, 17000, 47060, 6000, 6000, 6000, 6000, 17000, 17000, 17000, 47060, 0.816407599309, 0.822363538626, 0.816407599309, 0.816800311698

60, 42989, 66279, 107192, 62888, 17000, 17000, 17000, 47060, 6000, 6000, 6000, 6000, 17000, 17000, 17000, 47060, 0.818307426598, 0.823447921006, 0.818307426598, 0.817932004562

61, 42989, 66279, 107192, 62888, 17000, 17000, 17000, 47060, 6000, 6000, 6000, 6000, 17000, 17000, 17000, 47060, 0.822181100419, 0.831987390578, 0.822181100419, 0.82362962595

62, 42989, 66279, 107192, 62888, 17000, 17000, 17000, 47060, 6000, 6000, 6000, 6000, 17000, 17000, 17000, 47060, 0.360609425117, 0.766230452202, 0.360609425117, 0.250824503845

63, 42989, 66279, 107192, 62888, 17000, 17000, 17000, 47060, 6000, 6000, 6000, 6000, 17000, 17000, 17000, 47060, 0.818862570935, 0.826925861445, 0.818862570935, 0.819539500286

64, 42989, 66279, 107192, 62888, 17000, 17000, 17000, 47060, 6000, 6000, 6000, 6000, 17000, 17000, 17000, 47060, 0.811892425364, 0.823989568642, 0.811892425364, 0.813924790862

66, 42989, 66279, 107192, 62888, 17000, 17000, 17000, 47060, 42989, 60000, 60000, 60000, 17000, 17000, 17000, 47060, 0.832260054281, 0.83524876492, 0.832260054281, 0.83156405396

65, 42989, 66279, 107192, 62888, 17000, 17000, 17000, 47060, 42989, 60000, 60000, 60000, 17000, 17000, 17000, 47060, 0.825622995312, 0.830389316839, 0.825622995312, 0.82524264708

67, 42989, 66279, 107192, 62888, 17000, 17000, 17000, 47060, 42989, 60000, 60000, 60000, 17000, 17000, 17000, 47060, 0.822760917839, 0.830241270718, 0.822760917839, 0.823280119466

68, 42989, 66279, 107192, 62888, 17000, 17000, 17000, 47060, 42989, 60000, 60000, 60000, 17000, 17000, 17000, 47060, 0.826005428078, 0.83431126817, 0.826005428078, 0.826910745463

71, 41989, 65279, 106192, 62888, 18000, 18000, 18000, 47060, 41989, 59000, 59000, 59000, 18000, 18000, 18000, 47060, 0.824476282206, 0.825478685238, 0.824476282206, 0.822441194905

70, 41989, 65279, 106192, 62888, 18000, 18000, 18000, 47060, 41989, 59000, 59000, 59000, 18000, 18000, 18000, 47060, 0.839525644113, 0.837913860477, 0.839525644113, 0.83603774417

69, 41989, 65279, 106192, 62888, 18000, 18000, 18000, 47060, 41989, 59000, 59000, 59000, 18000, 18000, 18000, 47060, 0.836335179388, 0.835008824905, 0.836335179388, 0.833084565033

74, 41989, 65279, 106192, 62888, 18000, 18000, 18000, 47060, 41989, 59000, 59000, 59000, 18000, 18000, 18000, 47060, 0.826306284614, 0.827789574133, 0.826306284614, 0.823740989988

72, 41989, 65279, 106192, 62888, 18000, 18000, 18000, 47060, 41989, 59000, 59000, 59000, 18000, 18000, 18000, 47060, 0.819636407416, 0.821654931922, 0.819636407416, 0.817856750048

73, 41989, 65279, 106192, 62888, 18000, 18000, 18000, 47060, 41989, 59000, 59000, 59000, 18000, 18000, 18000, 47060, 0.82714904888, 0.827626243725, 0.82714904888, 0.824662134451

77, 42989, 66279, 107192, 62888, 17000, 17000, 17000, 47060, 42989, 63000, 63000, 62888, 17000, 17000, 17000, 47060, 0.833987169998, 0.834703529744, 0.833987169998, 0.832032277644

79, 41489, 64779, 105692, 62888, 18500, 18500, 18500, 47060, 41489, 63000, 63000, 62888, 18500, 18500, 18500, 47060, 0.831144420652, 0.826751907251, 0.831144420652, 0.825640916691

78, 42989, 66279, 107192, 62888, 17000, 17000, 17000, 47060, 42989, 60000, 60000, 60000, 17000, 17000, 17000, 47060, 0.837737478411, 0.837456480127, 0.837737478411, 0.835963517793

75, 39989, 63279, 104192, 62888, 20000, 20000, 20000, 47060, 39989, 63000, 63000, 62888, 20000, 20000, 20000, 47060, 0.83022053756, 0.826216769121, 0.83022053756, 0.823652123882

80, 41489, 64779, 105692, 62888, 18500, 18500, 18500, 47060, 41489, 60000, 60000, 60000, 18500, 18500, 18500, 47060, 0.832643349988, 0.832479637913, 0.832643349988, 0.830052506546

76, 39989, 63279, 104192, 62888, 20000, 20000, 20000, 47060, 39989, 60000, 60000, 60000, 20000, 20000, 20000, 47060, 0.828555019527, 0.823931740775, 0.828555019527, 0.821676503364

83, 42989, 66279, 107192, 62888, 17000, 17000, 17000, 47060, 42989, 63000, 63000, 62888, 17000, 17000, 17000, 47060, 0.82469775475, 0.835854870163, 0.82469775475, 0.82669435269

82, 39989, 63279, 104192, 62888, 20000, 20000, 20000, 47060, 39989, 60000, 60000, 60000, 20000, 20000, 20000, 47060, 0.814989662302, 0.818343252361, 0.814989662302, 0.813261313913

85, 41489, 64779, 105692, 62888, 18500, 18500, 18500, 47060, 41489, 63000, 63000, 62888, 18500, 18500, 18500, 47060, 0.821282417321, 0.825054329713, 0.821282417321, 0.819932119663

81, 39989, 63279, 104192, 62888, 20000, 20000, 20000, 47060, 39989, 63000, 63000, 62888, 20000, 20000, 20000, 47060, 0.813553870894, 0.816442011196, 0.813553870894, 0.811096668546

84, 42989, 66279, 107192, 62888, 17000, 17000, 17000, 47060, 42989, 60000, 60000, 60000, 17000, 17000, 17000, 47060, 0.827991611152, 0.836167051182, 0.827991611152, 0.828666607334

86, 41489, 64779, 105692, 62888, 18500, 18500, 18500, 47060, 41489, 60000, 60000, 60000, 18500, 18500, 18500, 47060, 0.827123483226, 0.832087098916, 0.827123483226, 0.826934944936

91, 42489, 65779, 106692, 62888, 17500, 17500, 17500, 47060, 42489, 60500, 60500, 60500, 17500, 17500, 17500, 47060, 0.843419449184, 0.839490284597, 0.843419449184, 0.83837879114

87, 43489, 66779, 107692, 62888, 16500, 16500, 16500, 47060, 43489, 60000, 60000, 60000, 16500, 16500, 16500, 47060, 0.837746689983, 0.839368492347, 0.837746689983, 0.836182595178

88, 43489, 66779, 107692, 62888, 16500, 16500, 16500, 47060, 43489, 60000, 60000, 60000, 16500, 16500, 16500, 47060, 0.832762927804, 0.834195642873, 0.832762927804, 0.831087766819

89, 43489, 66779, 107692, 62888, 16500, 16500, 16500, 47060, 43489, 60000, 60000, 60000, 16500, 16500, 16500, 47060, 0.842717961529, 0.842812676156, 0.842717961529, 0.841014567491

90, 42489, 65779, 106692, 62888, 17500, 17500, 17500, 47060, 42489, 60500, 60500, 60500, 17500, 17500, 17500, 47060, 0.840714111626, 0.838695722851, 0.840714111626, 0.837568551608

93, 41989, 65279, 106192, 62888, 18000, 18000, 18000, 47060, 41989, 60500, 60500, 60500, 18000, 18000, 18000, 47060, 0.839224656875, 0.837404443725, 0.839224656875, 0.835489967962

92, 42489, 65779, 106692, 62888, 17500, 17500, 17500, 47060, 42489, 60500, 60500, 60500, 17500, 17500, 17500, 47060, 0.831830368023, 0.836102143469, 0.831830368023, 0.831257997418

99, 42489, 65779, 106692, 62888, 17500, 17500, 17500, 47060, 42489, 60500, 60500, 60500, 17500, 17500, 17500, 47060, 0.831196685352, 0.829840014396, 0.831196685352, 0.82816830194

94, 43489, 66779, 107692, 62888, 16500, 16500, 16500, 47060, 43489, 60000, 60000, 60000, 16500, 16500, 16500, 47060, 0.841606295279, 0.842669104902, 0.841606295279, 0.840170354503

98, 42989, 66279, 107192, 62888, 17000, 17000, 17000, 47060, 42989, 60000, 60000, 60000, 17000, 17000, 17000, 47060, 0.835479891438, 0.837887920249, 0.835479891438, 0.834485163861

100, 43489, 66779, 107692, 62888, 16500, 16500, 16500, 47060, 43489, 60000, 60000, 60000, 16500, 16500, 16500, 47060, 0.842630527105, 0.841446838544, 0.842630527105, 0.839444324498

95, 42989, 66279, 107192, 62888, 17000, 17000, 17000, 47060, 42989, 60000, 60000, 60000, 17000, 17000, 17000, 47060, 0.841524796447, 0.842689385494, 0.841524796447, 0.840080125565

97, 42489, 65779, 106692, 62888, 17500, 17500, 17500, 47060, 42489, 60500, 60500, 60500, 17500, 17500, 17500, 47060, 0.844004387034, 0.84144904234, 0.844004387034, 0.840777232336

96, 43989, 67279, 108192, 62888, 16000, 16000, 16000, 47060, 43989, 62000, 62000, 62000, 16000, 16000, 16000, 47060, 0.827346319251, 0.838916528153, 0.827346319251, 0.82963002547

102, 43489, 66779, 107692, 62888, 16500, 16500, 16500, 47060, 43489, 60000, 60000, 60000, 16500, 16500, 16500, 47060, 0.833150137397, 0.837229634358, 0.833150137397, 0.832923122623

103, 42989, 66279, 107192, 62888, 17000, 17000, 17000, 47060, 42989, 60000, 60000, 60000, 17000, 17000, 17000, 47060, 0.84067357513, 0.840542627795, 0.84067357513, 0.838411425999

106, 43489, 66779, 107692, 62888, 16500, 16500, 16500, 47060, 43489, 60000, 60000, 60000, 16500, 16500, 16500, 47060, 0.831338995753, 0.834299231878, 0.831338995753, 0.830983448849

104, 43489, 66779, 107692, 62888, 16500, 16500, 16500, 47060, 43489, 60000, 60000, 60000, 16500, 16500, 16500, 47060, 0.839233075194, 0.839705806513, 0.839233075194, 0.837894044209

101, 42489, 65779, 106692, 62888, 17500, 17500, 17500, 47060, 42489, 60500, 60500, 60500, 17500, 17500, 17500, 47060, 0.837777236169, 0.837451257814, 0.837777236169, 0.83525654766

105, 42489, 65779, 106692, 62888, 17500, 17500, 17500, 47060, 42489, 60500, 60500, 60500, 17500, 17500, 17500, 47060, 0.845600779917, 0.843347923005, 0.845600779917, 0.842534549121

109, 41989, 65279, 106192, 62888, 18000, 18000, 18000, 47060, 41989, 60000, 60000, 60000, 18000, 18000, 18000, 47060, 0.820503250662, 0.819740185362, 0.820503250662, 0.817841823122

108, 43989, 67279, 108192, 62888, 16000, 16000, 16000, 47060, 43989, 60500, 60500, 60500, 16000, 16000, 16000, 47060, 0.835643814824, 0.839777362597, 0.835643814824, 0.835468022479

107, 43989, 67279, 108192, 62888, 16000, 16000, 16000, 47060, 43989, 60000, 60000, 60000, 16000, 16000, 16000, 47060, 0.842764988616, 0.846029970822, 0.842764988616, 0.84234376015

110, 41989, 65279, 106192, 62888, 18000, 18000, 18000, 47060, 41989, 60500, 60500, 60500, 18000, 18000, 18000, 47060, 0.84086202745, 0.839775966695, 0.84086202745, 0.837478480653

111, 42989, 66279, 107192, 62888, 17000, 17000, 17000, 47060, 42989, 60000, 60000, 60000, 17000, 17000, 17000, 47060, 
112, 42989, 66279, 107192, 62888, 17000, 17000, 17000, 47060, 42989, 60000, 60000, 60000, 17000, 17000, 17000, 47060, 
112, 42989, 66279, 107192, 62888, 17000, 17000, 17000, 47060, 42989, 60000, 60000, 60000, 17000, 17000, 17000, 47060, 
113, 42989, 66279, 107192, 62888, 17000, 17000, 17000, 47060, 42989, 60000, 60000, 60000, 17000, 17000, 17000, 47060, 
114, 42989, 66279, 107192, 62888, 17000, 17000, 17000, 47060, 42989, 60000, 60000, 60000, 17000, 17000, 17000, 47060, 
115, 42989, 66279, 107192, 62888, 17000, 17000, 17000, 47060, 42989, 60000, 60000, 60000, 17000, 17000, 17000, 47060, 
116, 42989, 66279, 107192, 62888, 17000, 17000, 17000, 47060, 42989, 60000, 60000, 60000, 17000, 17000, 17000, 47060, 
115, 43989, 67279, 108192, 62888, 16000, 16000, 16000, 47060, 43989, 60000, 60000, 60000, 16000, 16000, 16000, 47060, 0.830887933215, 0.81914738979, 0.830887933215, 0.818931878257

117, 43989, 67279, 108192, 62888, 16000, 16000, 16000, 47060, 43989, 60000, 60000, 60000, 16000, 16000, 16000, 47060, 0.840096129522, 0.830453445651, 0.840096129522, 0.827272996854

114, 43989, 67279, 108192, 62888, 16000, 16000, 16000, 47060, 43989, 60000, 60000, 60000, 16000, 16000, 16000, 47060, 0.841613964078, 0.832239792167, 0.841613964078, 0.827916469169

118, 43989, 67279, 108192, 62888, 16000, 16000, 16000, 47060, 43989, 60000, 60000, 60000, 16000, 16000, 16000, 47060, 0.843700986592, 0.83523461897, 0.843700986592, 0.829922467363

116, 43989, 67279, 108192, 62888, 16000, 16000, 16000, 47060, 43989, 60000, 60000, 60000, 16000, 16000, 16000, 47060, 0.844396660764, 0.836273783555, 0.844396660764, 0.831347815631

113, 43989, 67279, 108192, 62888, 16000, 16000, 16000, 47060, 43989, 60000, 60000, 60000, 16000, 16000, 16000, 47060, 0.841816342019, 0.832990864734, 0.841816342019, 0.829379559247

119, 42489, 65779, 106692, 62888, 17500, 17500, 17500, 47060, 42489, 60500, 60500, 60500, 17500, 17500, 17500, 47060, 0.832659029978, 0.823420969287, 0.832659029978, 0.817637448307

121, 42489, 65779, 106692, 62888, 17500, 17500, 17500, 47060, 42489, 60500, 60500, 60500, 17500, 17500, 17500, 47060, 0.826346575676, 0.815780030734, 0.826346575676, 0.810998287673

122, 42489, 65779, 106692, 62888, 17500, 17500, 17500, 47060, 42489, 60500, 60500, 60500, 17500, 17500, 17500, 47060, 0.842456738971, 0.836591420693, 0.842456738971, 0.827686045223

120, 42489, 65779, 106692, 62888, 17500, 17500, 17500, 47060, 42489, 60500, 60500, 60500, 17500, 17500, 17500, 47060, 0.844272483549, 0.838427205908, 0.844272483549, 0.828939101742

123, 42989, 66279, 107192, 62888, 17000, 17000, 17000, 47060, 42989, 60000, 60000, 60000, 17000, 17000, 17000, 47060, 0.833222304466, 0.835516611169, 0.833222304466, 0.832671249724

123, 42989, 66279, 107192, 62888, 17000, 17000, 17000, 47060, 42989, 60000, 60000, 60000, 17000, 17000, 17000, 47060, 0.838699728596, 0.839800084072, 0.838699728596, 0.837013702806
